86.224 49.267 45.000
86.275 49.274 44.000
86.288 49.270 43.000
86.273 49.252 42.000
86.263 49.237 41.000
86.355 49.166 40.000
86.355 49.174 39.000
86.355 49.176 38.000
86.366 49.183 37.000
86.358 49.203 36.000
86.349 49.204 35.000
86.337 49.205 34.000
86.332 49.200 33.000
86.322 49.201 32.000
86.390 49.073 31.000
86.377 49.095 30.000
86.369 49.112 29.000
86.364 49.135 28.000
86.345 49.158 27.000
86.344 49.176 26.000
86.333 49.196 25.000
86.331 49.217 24.000
86.434 49.251 23.000
86.437 49.316 22.000
86.531 49.240 21.000
86.151 49.153 20.000
86.157 48.922 19.000
86.204 48.720 18.000
86.228 48.666 17.000
86.228 48.673 16.000
86.239 48.671 15.000
86.251 48.676 14.000
86.251 48.676 13.000
86.259 48.678 12.000
86.268 48.679 11.000
86.271 48.679 10.000
86.224 49.267 45.000
86.176 49.258 46.000
86.189 49.231 47.000
86.198 49.211 48.000
86.345 49.193 49.000
86.374 49.203 50.000
86.378 49.303 51.000
86.347 49.281 52.000
86.338 49.265 53.000
86.390 49.254 54.000
86.396 49.299 55.000
86.356 49.322 56.000
86.301 49.336 57.000
86.251 49.351 58.000
86.199 49.367 59.000
86.149 49.384 60.000
86.268 49.236 61.000
86.071 49.059 62.000
86.109 49.180 63.000
86.141 49.166 64.000
86.169 49.154 65.000
86.203 49.155 66.000
86.231 49.149 67.000
86.261 49.145 68.000
86.290 49.151 69.000
86.324 49.156 70.000
86.340 49.389 71.000
86.532 49.213 72.000
86.586 49.149 73.000
86.608 49.087 74.000
86.626 49.025 75.000
86.649 48.964 76.000
86.662 48.932 77.000
86.679 48.907 78.000
86.711 48.865 79.000
86.745 48.826 80.000
86.783 48.780 81.000
86.822 48.728 82.000
86.861 48.683 83.000
86.896 48.646 84.000
